0 export
0 Author: LEGO Digital Designer 4.3
1 72 47.331417083740234 -1329.5357666015625 -49.302921295166016 0 0.028027558699250221 0.99960726499557495 -1.2119840903324075E-005 0.99960726499557495 -0.028027558699250221 -1.0000001192092896 -1.2118760423618369E-005 0 3069b.dat
1 72 47.331405639648438 -1329.5355224609375 -39.308540344238281 -0.9996071457862854 0.028027558699250221 0 0.028027558699250221 0.99960708618164063 -1.2246793630765751E-005 0 -1.2244343452039175E-005 -1 6091.dat
1 72 47.331405639648438 -1329.5357666015625 -59.308616638183594 0.9996071457862854 0.028027737513184547 0 -0.028027737513184547 0.9996071457862854 1.2239255738677457E-005 0 -1.2248387974977959E-005 1 6091.dat
1 1 77.543373107910156 -1322.3809814453125 -49.309139251708984 0 0.028027556836605072 -0.99960726499557495 1.2148945643275511E-005 0.99960726499557495 0.028027556836605072 1.0000001192092896 -1.2156707271060441E-005 0 87079.dat
1 72 67.771484375 -1314.103515625 -19.309162139892578 -0.9996071457862854 0.028027551248669624 0 0.028027551248669624 0.99960708618164063 -1.2160830010543577E-005 0 -1.2158378922322299E-005 -1 3024.dat
1 1 77.76727294921875 -1314.384033203125 -49.309238433837891 0 0.028027553111314774 0.99960726499557495 -1.215802512888331E-005 0.99960726499557495 -0.028027553111314774 -1.0000001192092896 -1.2156944649177603E-005 0 3022.dat
1 1 67.995689392089844 -1306.1064453125 -9.3093509674072266 -0.9996071457862854 0.028027551248669624 0 0.028027551248669624 0.99960708618164063 -1.2160829101048876E-005 0 -1.2158378012827598E-005 -1 92946.dat
1 72 47.779403686523438 -1313.542236328125 -49.308834075927734 0 0.028027553111314774 0.99960726499557495 -1.216508917423198E-005 0.99960726499557495 -0.028027553111314774 -1.0000001192092896 -1.215732754644705E-005 0 99206.dat
1 1 37.951435089111328 -1307.2642822265625 -49.308837890625 0 0.99960726499557495 0.028027724474668503 1.2384033652779181E-005 -0.028027646243572235 0.99960726499557495 1.0000001192092896 0 -1.2303920811973512E-005 85984.dat
1 1 87.539459228515625 -1322.660888671875 -19.309040069580078 -0.9996071457862854 0.028027554973959923 0 0.028027554973959923 0.99960708618164063 -1.217962199007161E-005 0 -1.2177170901850332E-005 -1 6091.dat
1 1 87.539360046386719 -1322.6614990234375 -79.309074401855469 0.9996071457862854 0.028027737513184547 0 -0.028027737513184547 0.9996071457862854 1.2239255738677457E-005 0 -1.2248387974977959E-005 1 6091.dat
1 1 67.547294616699219 -1322.1009521484375 -79.309074401855469 0.9996071457862854 0.028027737513184547 0 -0.028027737513184547 0.9996071457862854 1.2239255738677457E-005 0 -1.2248387974977959E-005 1 6091.dat
1 72 68.669036865234375 -1282.114990234375 -39.309120178222656 -0.9996071457862854 0.028027558699250221 0 0.028027558699250221 0.99960708618164063 -1.2247127415321302E-005 0 -1.2244677236594725E-005 -1 11458.dat
1 72 88.268852233886719 -1296.670166015625 -29.309003829956055 0 0.02802756242454052 -0.99960726499557495 0 0.99960726499557495 0.02802756242454052 1.0000001192092896 0 0 3673.dat
1 72 68.66845703125 -1282.1163330078125 -59.309577941894531 -0.9996071457862854 0.028027558699250221 0 0.028027558699250221 0.99960708618164063 -1.2247127415321302E-005 0 -1.2244677236594725E-005 -1 11458.dat
1 72 87.959983825683594 -1296.766845703125 -69.309310913085938 0 -0.58873111009597778 0.80832904577255249 0 0.80832910537719727 0.58873111009597778 -1 0 0 3749.dat
1 72 48.50872802734375 -1287.552001953125 -29.308975219726563 0 0.028027566149830818 0.99960726499557495 -1.2256358786544297E-005 0.99960726499557495 -0.028027566149830818 -1.0000001192092896 -1.2248597158759367E-005 0 3673.dat
1 72 38.512645721435547 -1287.271728515625 -19.309087753295898 -0.028027385473251343 0 -0.99960726499557495 -0.99960726499557495 1.2421750398061704E-005 0.0280274897813797 1.2314585546846502E-005 1.0000001192092896 0 43857.dat
1 1 78.440216064453125 -1290.39404296875 -99.309539794921875 0.9996071457862854 0.028027737513184547 0 -0.028027737513184547 0.9996071457862854 1.2245936886756681E-005 0 -1.2245936886756681E-005 1 3023.dat
1 72 48.508060455322266 -1287.5535888671875 -69.30950927734375 0 0.028027566149830818 0.99960726499557495 -1.2256358786544297E-005 0.99960726499557495 -0.028027566149830818 -1.0000001192092896 -1.2248597158759367E-005 0 3673.dat
1 72 28.502553939819336 -1286.9913330078125 -29.308975219726563 0 0 1 -1.2250698091520462E-005 1 0 -1 -1.2250698091520462E-005 0 3673.dat
1 72 38.512073516845703 -1287.2734375 -79.30950927734375 -0.028027385473251343 0 -0.99960726499557495 -0.99960726499557495 1.2421750398061704E-005 0.0280274897813797 1.2314585546846502E-005 1.0000001192092896 0 43857.dat
1 72 28.501981735229492 -1286.9927978515625 -69.30950927734375 0 0 1 -1.2250698091520462E-005 1 0 -1 -1.2250698091520462E-005 0 3673.dat
1 15 0.001811981201171875 -1281.49169921875 40.69061279296875 -1 0 0 0 1 -1.2411689567670692E-005 0 -1.2411689567670692E-005 -1 50746.dat
1 15 0.001811981201171875 -1281.49169921875 40.690753936767578 -1 0 0 0 1 -1.2411689567670692E-005 0 -1.2411689567670692E-005 -1 3024.dat
1 72 10.001792907714844 -1273.4918212890625 40.690563201904297 -1 0 0 0 1 -1.2411689567670692E-005 0 -1.2411689567670692E-005 -1 3023.dat
1 1 50.007377624511719 -1297.4921875 0.6909409761428833 -1 0 0 0 1 -1.2411689567670692E-005 0 -1.2411689567670692E-005 -1 3069b.dat
1 72 40.001754760742188 -1289.4921875 0.69097763299942017 -1 0 0 0 1 -1.2411689567670692E-005 0 -1.2411689567670692E-005 -1 3623.dat
1 15 20.001792907714844 -1297.4921875 0.69088226556777954 0 0 1 -1.2411689567670692E-005 0.99999994039535522 0 -1 -1.2411689567670692E-005 0 30039.dat
1 72 70.00213623046875 -1281.4921875 10.690787315368652 -1 0 0 0 1 -1.2411700481607113E-005 0 -1.2411700481607113E-005 -1 2430.dat
1 72 70.001983642578125 -1281.4920654296875 10.690700531005859 1 0 0 0 1 0 0 0 1 2429.dat
1 72 -39.998531341552734 -1277.4908447265625 -119.30980682373047 0 0 1 0 0.99999994039535522 0 -1 0 0 87087.dat
1 72 -29.999151229858398 -1316.9952392578125 -191.31742858886719 0 0 1 0 0.99999994039535522 0 -1 0 0 3068b.dat
1 72 -29.999122619628906 -1308.9952392578125 -181.31732177734375 -1 0 0 0 1 0 0 0 -1 32064a.dat
1 72 -29.998931884765625 -1308.9954833984375 -201.31759643554687 -1 0 0 0 1 0 0 0 -1 3700.dat
1 72 0.000667572021484375 -1316.99560546875 -181.31732177734375 0 0 -1 0 0.99999994039535522 0 1 0 0 87087.dat
1 72 0.000667572021484375 -1292.9954833984375 -181.31723022460938 -1 0 0 0 1 0 0 0 -1 3024.dat
1 72 -19.999212265014648 -1284.9954833984375 -181.31730651855469 0 0 1 0 0.99999994039535522 0 -1 0 0 2420.dat
1 72 -59.998748779296875 -1316.9954833984375 -181.31704711914062 0 0 1 0 0.99999994039535522 0 -1 0 0 87087.dat
1 72 -59.998847961425781 -1292.99560546875 -181.31695556640625 -1 0 0 0 1 0 0 0 -1 3024.dat
1 72 -39.998752593994141 -1284.9952392578125 -181.31715393066406 -1 0 0 0 1 0 0 0 -1 2420.dat
1 72 -29.997842788696289 -1333.989013671875 -181.31513977050781 0 0 -1 1.2338115993770771E-005 0.99999994039535522 0 1 -1.2338115993770771E-005 0 93273.dat
1 72 0.00209808349609375 -1333.989013671875 -181.31526184082031 0 0 1 -1.2338115993770771E-005 0.99999994039535522 0 -1 -1.2338115993770771E-005 0 3024.dat
1 83 -29.99781608581543 -1341.9888916015625 -181.31504821777344 -1 0 0 0 1 -1.2338112355791964E-005 0 -1.2338112355791964E-005 -1 2877.dat
1 72 0.0021935701370239258 -1325.9888916015625 -171.31524658203125 -1 0 0 0 1 -1.2338115084276069E-005 0 -1.2338115084276069E-005 -1 92946.dat
1 72 -59.997795104980469 -1333.989013671875 -181.31526184082031 0 0 1 -1.2338117812760174E-005 0.99999994039535522 0 -1 -1.2338117812760174E-005 0 3024.dat
1 72 -59.997795104980469 -1325.9888916015625 -171.31524658203125 -1 0 0 0 1 -1.2338118722254876E-005 0 -1.2338118722254876E-005 -1 92946.dat
1 72 0.00209808349609375 -1317.98876953125 -161.3154296875 -1 0 0 0 1 -1.2338115993770771E-005 0 -1.2338115993770771E-005 -1 3040B.dat
1 72 -29.997890472412109 -1293.98876953125 -151.31582641601562 1 0 0 0 1 0 0 0 1 3020.dat
1 72 -59.997894287109375 -1317.98876953125 -161.31544494628906 -1 0 0 0 1 -1.2338115993770771E-005 0 -1.2338115993770771E-005 -1 3040B.dat
1 72 -29.99781608581543 -1301.98876953125 -151.31573486328125 1 0 0 0 1 0 0 0 1 3068b.dat
1 15 0.002193450927734375 -1285.98876953125 -151.31582641601562 0 0 -1 1.2338117812760174E-005 0.99999994039535522 0 1 -1.2338117812760174E-005 0 99780.dat
1 15 -59.999038696289063 -1284.9962158203125 -151.31632995605469 0 0 1 0 0.99999994039535522 0 -1 0 0 99780.dat
1 72 -29.998865127563477 -1284.99609375 -151.31669616699219 1 0 0 0 1 0 0 0 1 3022.dat
1 15 24.001789093017578 -1287.4932861328125 -99.303611755371094 0 0 -1.0000001192092896 1.0000001192092896 -1.236596563103376E-005 0 -1.2441750186553691E-005 -1.0000001192092896 0 4070.dat
1 15 24.001693725585938 -1277.4876708984375 -91.303825378417969 0 0 1.0000001192092896 -1.0000001192092896 -1.236596563103376E-005 0 1.2441750186553691E-005 -1.0000001192092896 0 3069b.dat
1 1 38.001735687255859 -1277.4879150390625 -109.30377197265625 0 -1.0000001192092896 1.2499283002398442E-005 -1.0000001192092896 0 -1.2375648111628834E-005 1.2375648111628834E-005 -1.2499283002398442E-005 -1 3069b.dat
1 15 24.001693725585938 -1277.49365234375 -123.30379486083984 0 0 1.0000001192092896 -1.0000001192092896 -1.236596563103376E-005 0 1.2441750186553691E-005 -1.0000001192092896 0 3023.dat
1 15 30.002227783203125 -1277.988525390625 -141.31599426269531 0 -1.0000001192092896 1.2173441064078361E-005 -1.0000001192092896 0 -1.2049806173308752E-005 1.2049806173308752E-005 -1.2173441064078361E-005 -1 99206.dat
1 15 30.00212287902832 -1277.98876953125 -161.31605529785156 0 -1 0 1 0 1.2437467376003042E-005 -1.2437467376003042E-005 0 0.99999994039535522 3023.dat
1 72 -29.998865127563477 -1276.99609375 -151.31669616699219 1 0 0 0 1 0 0 0 1 3022.dat
1 15 -83.998634338378906 -1287.490966796875 -99.304183959960938 0 0 1.0000001192092896 -1.0000001192092896 0 0 0 -1.0000001192092896 0 4070.dat
1 15 -83.998680114746094 -1277.4853515625 -91.304405212402344 0 0 1.0000001192092896 -1.0000001192092896 0 0 0 -1.0000001192092896 0 3069b.dat
1 1 -97.998672485351563 -1277.4853515625 -109.30434417724609 0 1 0 -1 0 0 0 0 0.99999994039535522 3069b.dat
1 15 -83.998634338378906 -1277.490966796875 -123.30427551269531 0 0 1.0000001192092896 -1.0000001192092896 0 0 0 -1.0000001192092896 0 3023.dat
1 15 -89.998878479003906 -1276.996337890625 -141.31632995605469 0 1.0000001192092896 0 1.0000001192092896 0 0 0 0 -1 99206.dat
1 15 -89.998916625976562 -1276.9964599609375 -161.31631469726562 0 1 0 -1 0 0 0 0 0.99999994039535522 3023.dat
1 72 0.00209808349609375 -1277.98876953125 -151.31593322753906 0 0 -1 1.2338117812760174E-005 0.99999994039535522 0 1 -1.2338117812760174E-005 0 99781.dat
1 72 24.001789093017578 -1267.4932861328125 -99.303901672363281 0 0 -1.0000001192092896 1.0000001192092896 -1.236596563103376E-005 0 -1.2441750186553691E-005 -1.0000001192092896 0 4070.dat
1 72 -59.999038696289063 -1276.99609375 -151.31632995605469 0 0 1 0 0.99999994039535522 0 -1 0 0 99781.dat
1 72 -29.998987197875977 -1268.99609375 -151.31669616699219 1 0 0 0 1 0 0 0 1 3020.dat
1 72 -83.998680114746094 -1267.4908447265625 -99.304374694824219 0 0 1.0000001192092896 -1.0000001192092896 0 0 0 -1.0000001192092896 0 4070.dat
1 72 -29.998987197875977 -1260.99609375 -151.31669616699219 1 0 0 0 1 0 0 0 1 3020.dat
1 1 38.002212524414062 -1287.989013671875 -171.31584167480469 0 -1.0000001192092896 0 -1.2493369467847515E-005 0 1.0000001192092896 -1.0000001192092896 0 -1.2469203284126706E-005 2431.dat
1 1 -97.998908996582031 -1286.99609375 -171.31631469726562 0 1.0000001192092896 0 0 0 -1.0000001192092896 -1.0000001192092896 0 0 2431.dat
1 14 14.00196361541748 -1277.4923095703125 -9.3094882965087891 0 -1.0000001192092896 1.1984728189418092E-005 -1.0000001192092896 0 -1.1861093298648484E-005 1.1861093298648484E-005 -1.1984728189418092E-005 -1 47755.dat
1 72 14.002513885498047 -1267.4913330078125 -39.309413909912109 0 -1 0 1 0 1.2620253073691856E-005 -1.2620253073691856E-005 0 0.99999994039535522 11458.dat
1 72 6.0019569396972656 -1267.4920654296875 20.690433502197266 0 -1 0 -1.2138593774579931E-005 0 1 -1 0 -1.2103781045880169E-005 30039.dat
1 72 20.001792907714844 -1289.4920654296875 20.690959930419922 -1 0 0 0 1 -1.2411681382218376E-005 0 -1.2411681382218376E-005 -1 3024.dat
1 15 20.001792907714844 -1281.4920654296875 20.69084358215332 0 0 1 -1.2411685020197183E-005 0.99999994039535522 0 -1 -1.2411685020197183E-005 0 3623.dat
1 72 30.001949310302734 -1267.492431640625 0.69059246778488159 0 -1 0 -1.2138593774579931E-005 0 1 -1 0 -1.2103781045880169E-005 4070.dat
1 72 6.0019569396972656 -1267.492919921875 -49.309410095214844 0 -1 0 -1.2138593774579931E-005 0 1 -1 0 -1.2103781045880169E-005 3666.dat
1 72 -1.9980356693267822 -1277.49267578125 -9.3088645935058594 0 -1.0000001192092896 0 -1.2441750186553691E-005 0 1.0000001192092896 -1.0000001192092896 0 -1.236596563103376E-005 3022.dat
1 72 6.0019569396972656 -1287.492431640625 0.69089829921722412 0 -1.0000001192092896 0 1.2286875062272884E-005 0 -1.0000001192092896 1.0000001192092896 0 1.2314097148191649E-005 3623.dat
1 72 -1.9980356693267822 -1277.4935302734375 -89.309074401855469 0 -1 0 -1.2138593774579931E-005 0 1 -1 0 -1.2103781045880169E-005 3022.dat
1 72 6.0019569396972656 -1287.4935302734375 -89.308952331542969 0 -1 0 -1.2138593774579931E-005 0 1 -1 0 -1.2103781045880169E-005 3023.dat
1 72 14.001941680908203 -1267.49267578125 -59.309577941894531 0 -1 0 1 0 1.2588464414875489E-005 -1.2588464414875489E-005 0 0.99999994039535522 11458.dat
1 14 14.00186824798584 -1277.4930419921875 -89.309158325195313 0 -1 0 1 0 1.193677780975122E-005 -1.193677780975122E-005 0 0.99999994039535522 47755.dat
1 72 6.0017662048339844 -1277.493408203125 -119.30930328369141 0 -1 0 1 0 1.2294407497392967E-005 -1.2294407497392967E-005 0 0.99999994039535522 3023.dat
1 14 -73.997947692871094 -1277.491943359375 -9.3091754913330078 0 1.0000001192092896 0 1.0000001192092896 0 0 0 0 -1 47755.dat
1 72 -73.9979248046875 -1267.491943359375 -39.309215545654297 0 1.0000001192092896 0 1.0000001192092896 0 0 0 0 -1 11458.dat
1 72 -65.997940063476562 -1267.491943359375 20.690822601318359 0 1.0000001192092896 0 0 0 1.0000001192092896 1.0000001192092896 0 0 30039.dat
1 72 -79.998443603515625 -1289.4908447265625 20.690536499023438 -1 0 0 0 1 0 0 0 -1 3024.dat
1 15 -79.998443603515625 -1281.4908447265625 20.690422058105469 0 0 1 0 0.99999994039535522 0 -1 0 0 3623.dat
1 72 -89.9984130859375 -1267.4908447265625 0.690460205078125 0 1.0000001192092896 0 0 0 1.0000001192092896 1.0000001192092896 0 0 4070.dat
1 72 -65.998420715332031 -1267.490966796875 -49.309539794921875 0 1.0000001192092896 0 0 0 1.0000001192092896 1.0000001192092896 0 0 3666.dat
1 72 -57.997947692871094 -1277.491943359375 -9.3089675903320312 0 1.0000001192092896 0 0 0 -1.0000001192092896 -1.0000001192092896 0 0 3022.dat
1 72 -65.997940063476562 -1287.491943359375 0.69091767072677612 0 1.0000001192092896 0 0 0 -1.0000001192092896 -1.0000001192092896 0 0 3623.dat
1 72 -57.998424530029297 -1277.4908447265625 -89.309539794921875 0 1.0000001192092896 0 0 0 1.0000001192092896 1.0000001192092896 0 0 3022.dat
1 72 -65.998420715332031 -1287.490966796875 -89.309463500976563 0 1.0000001192092896 0 0 0 -1.0000001192092896 -1.0000001192092896 0 0 3023.dat
1 14 -73.998519897460938 -1277.4908447265625 -89.309715270996094 0 1 0 -1 0 0 0 0 0.99999994039535522 47755.dat
1 72 -73.998497009277344 -1267.4908447265625 -59.309673309326172 0 1.0000001192092896 0 1.0000001192092896 0 0 0 0 -1 11458.dat
1 72 -65.998512268066406 -1277.4908447265625 -119.30980682373047 0 1 0 -1 0 0 0 0 0.99999994039535522 3023.dat
1 15 26.000982284545898 -1296.9952392578125 -191.31739807128906 0 -1 0 1 0 0 0 0 0.99999994039535522 3068b.dat
1 15 18.000991821289063 -1286.9952392578125 -181.31742858886719 0 -1 0 1 0 0 0 0 0.99999994039535522 3623.dat
1 83 -29.999151229858398 -1276.9962158203125 -181.31675720214844 -1 0 0 0 1 0 0 0 -1 2877.dat
1 15 -85.999114990234375 -1296.9951171875 -191.31742858886719 0 1.0000001192092896 0 1.0000001192092896 0 0 0 0 -1 3068b.dat
1 15 -77.998786926269531 -1286.995849609375 -181.31619262695312 0 1.0000001192092896 0 1.0000001192092896 0 0 0 0 -1 3623.dat
1 72 -19.998950958251953 -1252.99609375 -181.316650390625 1 0 0 0 1 0 0 0 1 2420.dat
1 72 -39.998966217041016 -1252.9962158203125 -181.31629943847656 0 0 -1 0 1 0 1 0 0 2420.dat
1 72 29.783763885498047 -1134.54736328125 -1.3209342956542969 -1 0 0 0 -1 0 0 0 1 32000.dat
1 72 29.783763885498047 -1126.5472412109375 18.679027557373047 0 0 -1.0000001192092896 0 -1 0 -1.0000001192092896 0 0 3021.dat
1 72 29.783782958984375 -1134.5472412109375 38.679122924804688 1 0 0 0 -1 0 0 0 -1 3039.dat
1 72 29.783668518066406 -1134.5472412109375 18.679046630859375 -1 0 0 0 -1 0 0 0 1 3004.dat
1 72 29.783782958984375 -1118.5474853515625 38.679122924804688 1 0 0 0 -1 0 0 0 -1 3023.dat
1 72 29.783782958984375 -1094.5474853515625 38.679027557373047 1 0 0 0 -1 0 0 0 -1 3937.dat
1 72 19.783786773681641 -1143.5474853515625 -21.320858001708984 -1 0 0 0 1 0 0 0 -1 3713.dat
1 72 20.000934600830078 -1143.4962158203125 -81.816436767578125 -1 0 0 0 -1 0 0 0 1 32039.dat
1 72 10.000935554504395 -1143.49609375 -101.31578063964844 1 0 0 0 1 0 0 0 1 87083.dat
1 0 -29.999134063720703 -1163.49609375 -101.31555938720703 1 0 1.7515041690785438E-005 0 -1 0 1.7515041690785438E-005 0 -1 42003.dat
1 72 -69.99920654296875 -1143.49609375 -101.31702423095703 -1 0 0 0 1 0 0 0 -1 87083.dat
1 72 -79.999198913574219 -1142.9964599609375 -21.317234039306641 -1 0 0 0 1 0 0 0 -1 3713.dat
1 72 -79.99920654296875 -1143.496337890625 -81.816909790039063 -1 0 0 0 -1 0 0 0 1 32039.dat
1 72 9.7835540771484375 -1124.0523681640625 -51.321506500244141 -3.3899148547789082E-005 0 -1 0 0.99999994039535522 0 1 0 -3.3899112168001011E-005 92907.dat
1 0 -29.998636245727539 -1123.5013427734375 -131.31704711914062 -1 0 0 0 1 0 0 0 -1 92907.dat
1 72 -29.998865127563477 -1244.9962158203125 -161.31668090820312 1 0 0 0 1 0 0 0 1 3023.dat
1 72 -29.998865127563477 -1236.9962158203125 -161.31668090820312 1 0 0 0 1 0 0 0 1 3023.dat
1 72 -29.998769760131836 -1220.9962158203125 -161.31668090820312 1 0 0 0 1 0 0 0 1 3004.dat
1 72 -29.998769760131836 -1196.9962158203125 -141.31680297851563 1 0 0 0 1 0 0 0 1 3660.dat
1 15 -29.998931884765625 -1172.9962158203125 -141.31669616699219 -1 0 0 0 1 0 0 0 -1 30526.dat
1 0 -29.998836517333984 -1143.496337890625 -121.31665802001953 -1 0 0 0 -1 0 0 0 1 32291.dat
1 4 -29.998796463012695 -1142.996337890625 -121.31678771972656 1 0 0 0 1 0 0 0 1 32062.dat
1 15 -29.998865127563477 -1148.9962158203125 -141.31680297851563 1 0 0 0 1 0 0 0 1 3660.dat
1 15 -29.998769760131836 -1156.99609375 -161.31668090820312 1 0 0 0 1 0 0 0 1 85984.dat
1 15 -29.998865127563477 -1156.99609375 -161.31668090820312 1 0 0 0 1 0 0 0 1 3023.dat
1 72 -69.999168395996094 -1123.501220703125 -51.316261291503906 3.3573309337953106E-005 0 1 0 1 0 -1 0 3.3573309337953106E-005 92907.dat
1 72 -89.999114990234375 -1133.9964599609375 -1.3169288635253906 -1 0 0 0 -1 0 0 0 1 32000.dat
1 72 -89.999183654785156 -1125.99658203125 18.683071136474609 0 0 1.0000001192092896 0 -1 0 1.0000001192092896 0 0 3021.dat
1 72 -89.999305725097656 -1133.99658203125 18.682956695556641 -1 0 0 0 -1 0 0 0 1 3004.dat
1 72 -89.999183654785156 -1133.99658203125 38.683032989501953 1 0 0 0 -1 0 0 0 -1 3039.dat
1 72 -89.999183654785156 -1117.9964599609375 38.683128356933594 1 0 0 0 -1 0 0 0 -1 3023.dat
1 72 -89.999183654785156 -1093.9964599609375 38.683032989501953 1 0 0 0 -1 0 0 0 -1 3937.dat
1 15 -79.998397827148438 -1297.4908447265625 0.690460205078125 0 0 1 0 0.99999994039535522 0 -1 0 0 30039.dat
1 72 -99.998397827148438 -1289.4908447265625 0.690460205078125 -1 0 0 0 1 0 0 0 -1 3623.dat
1 1 -109.99275207519531 -1297.4908447265625 0.690460205078125 -1 0 0 0 1 0 0 0 -1 3069b.dat
1 72 -129.99827575683594 -1281.49072265625 10.690460205078125 -1 0 0 0 1 0 0 0 -1 2429.dat
1 72 -129.99845886230469 -1281.4908447265625 10.690441131591797 1 0 0 0 1 0 0 0 1 2430.dat
1 72 -29.998302459716797 -1288.2484130859375 -41.103729248046875 -1 0 0 0 0.74228429794311523 0.67008519172668457 0 0.67008519172668457 -0.74228423833847046 61409.dat
1 72 -29.998207092285156 -1288.24853515625 -41.104011535644531 1 0 0 0 0.74228423833847046 -0.67008513212203979 0 0.67008513212203979 0.74228423833847046 3024.dat
1 72 -29.998207092285156 -1282.3104248046875 -35.743217468261719 1 0 0 0 0.74228423833847046 -0.67008513212203979 0 0.67008513212203979 0.74228423833847046 4081B.dat
1 72 -17.998210906982422 -1267.4923095703125 -49.310012817382813 0 -0.99999994039535522 0 -0.74228429794311523 0 0.67008501291275024 -0.67008501291275024 0 -0.74228435754776001 4073.dat
1 72 -9.9980278015136719 -1267.492919921875 -49.309345245361328 0 -1 0 -1.2899763532914221E-005 0 1 -1 0 -1.2878259440185502E-005 85861.dat
1 72 -41.998203277587891 -1267.4912109375 -49.309917449951172 0 1.0000001192092896 0 0 0 1.0000001192092896 1.0000001192092896 0 0 4073.dat
1 72 -49.998195648193359 -1267.4908447265625 -49.309917449951172 0 1.0000001192092896 0 0 0 -1.0000001192092896 -1.0000001192092896 0 0 85861.dat
1 15 26.001115798950195 -1306.9952392578125 -221.3172607421875 0 -1.0000001192092896 0 0 0 1.0000001192092896 -1.0000001192092896 0 0 6005.dat
1 15 -21.998874664306641 -1346.9951171875 -211.31730651855469 0 -1.0000001192092896 0 0 0 -1.0000001192092896 1.0000001192092896 0 0 3023.dat
1 15 26.001115798950195 -1306.9952392578125 -201.3173828125 0 -1.0000001192092896 0 0 0 1.0000001192092896 -1.0000001192092896 0 0 6005.dat
1 15 -85.999069213867188 -1286.9952392578125 -221.3173828125 0 1.0000001192092896 0 1.0000001192092896 0 0 0 0 -1 63864.dat
1 15 -77.9990234375 -1286.995849609375 -211.31596374511719 0 1.0000001192092896 0 0 0 -1.0000001192092896 -1.0000001192092896 0 0 3023.dat
1 15 18.000896453857422 -1286.99609375 -211.31625366210937 0 -1.0000001192092896 0 0 0 -1.0000001192092896 1.0000001192092896 0 0 3023.dat
1 15 26.000982284545898 -1286.9952392578125 -221.31719970703125 0 -1 0 1 0 0 0 0 0.99999994039535522 63864.dat
1 15 -37.999065399169922 -1346.9951171875 -211.31739807128906 0 1.0000001192092896 0 0 0 -1.0000001192092896 -1.0000001192092896 0 0 3023.dat
1 15 -85.999061584472656 -1306.9952392578125 -201.31742858886719 0 1.0000001192092896 0 0 0 1.0000001192092896 1.0000001192092896 0 0 6005.dat
1 15 -85.999061584472656 -1306.9952392578125 -221.31732177734375 0 1.0000001192092896 0 0 0 1.0000001192092896 1.0000001192092896 0 0 6005.dat
1 15 26.000886917114258 -1266.99609375 -191.31599426269531 0 -1.0000001192092896 0 0 0 1.0000001192092896 -1.0000001192092896 0 0 2412b.dat
1 72 -88.497917175292969 -1286.9918212890625 -29.309194564819336 0 0 -1 0 0.99999994039535522 0 1 0 0 3673.dat
1 72 -98.4979248046875 -1286.9918212890625 -19.309196472167969 0 0 1.0000001192092896 -1.0000001192092896 0 0 0 -1.0000001192092896 0 43857.dat
1 72 -108.49789428710937 -1286.9918212890625 -29.309194564819336 0 0 -1 0 0.99999994039535522 0 1 0 0 3673.dat
1 72 -108.49790954589844 -1328.9918212890625 -49.3035888671875 0 0 1 0 0.99999994039535522 0 -1 0 0 3069b.dat
1 72 -108.49781036376953 -1328.9918212890625 -39.309120178222656 -1 0 0 0 1 0 0 0 -1 6091.dat
1 72 -108.49790954589844 -1328.9918212890625 -59.309196472167969 1 0 0 0 1 0 0 0 1 6091.dat
1 1 -138.49797058105469 -1320.991943359375 -49.309238433837891 0 0 -1 0 1 0 1 0 0 87079.dat
1 72 -128.49798583984375 -1312.991943359375 -19.309043884277344 -1 0 0 0 1 0 0 0 -1 3024.dat
1 1 -138.49795532226562 -1312.991943359375 -49.309120178222656 0 0 1 0 0.99999994039535522 0 -1 0 0 3022.dat
1 1 -128.49789428710937 -1304.991943359375 -9.3090438842773437 -1 0 0 0 1 0 0 0 -1 92946.dat
1 72 -108.49790954589844 -1312.991943359375 -49.309120178222656 0 0 -1 0 0.99999994039535522 0 1 0 0 99206.dat
1 1 -98.49786376953125 -1306.9918212890625 -49.309120178222656 0 -1.0000001192092896 0 0 0 1.0000001192092896 -1.0000001192092896 0 0 85984.dat
1 1 -148.49790954589844 -1320.991943359375 -19.309234619140625 -1 0 0 0 1 0 0 0 -1 6091.dat
1 1 -128.49798583984375 -1320.9918212890625 -79.30908203125 1 0 0 0 1 0 0 0 1 6091.dat
1 1 -148.49795532226562 -1320.9918212890625 -79.30908203125 1 0 0 0 1 0 0 0 1 6091.dat
1 72 -128.49798583984375 -1280.9918212890625 -39.309120178222656 1 0 0 0 1 0 0 0 1 11458.dat
1 72 -148.28738403320312 -1295.2469482421875 -29.324644088745117 0 0 -1 0 0.99999994039535522 0 1 0 0 3673.dat
1 72 -128.49855041503906 -1280.99072265625 -59.309577941894531 1 0 0 0 1 0 0 0 1 11458.dat
1 72 -148.89430236816406 -1295.1851806640625 -69.309501647949219 0 -0.79151087999343872 0.61115515232086182 0 0.61115521192550659 0.79151087999343872 -1 0 0 3749.dat
1 72 -108.49846649169922 -1286.99072265625 -69.309539794921875 0 0 -1 0 0.99999994039535522 0 1 0 0 3673.dat
1 72 -88.498489379882813 -1286.99072265625 -69.309539794921875 0 0 -1 0 0.99999994039535522 0 1 0 0 3673.dat
1 72 -98.498497009277344 -1286.99072265625 -79.309616088867188 0 0 1.0000001192092896 -1.0000001192092896 0 0 0 -1.0000001192092896 0 43857.dat
1 1 -138.49795532226562 -1288.9918212890625 -99.309158325195313 1 0 0 0 1 0 0 0 1 3023.dat
1 72 -109.99845123291016 -1289.490966796875 20.690441131591797 1 0 0 0 1 0 0 0 1 3023.dat
1 1 -119.99848175048828 -1281.4908447265625 40.690326690673828 1 0 0 0 1 0 0 0 1 3623.dat
1 72 -109.99855041503906 -1273.490966796875 30.69061279296875 0 0 1 0 0.99999994039535522 0 -1 0 0 3022.dat
1 72 -109.99835968017578 -1251.490966796875 18.690402984619141 0.99999994039535522 0 0 0 0 1 0 -1 0 99207.dat
1 72 -109.99838256835937 -1251.49072265625 50.690387725830078 -1 0 0 0 0 -1.0000001192092896 0 -1.0000001192092896 0 3937.dat
1 72 -109.99828338623047 -1251.49072265625 26.690488815307617 -1 0 0 0 0 -1.0000001192092896 0 -1.0000001192092896 0 3023.dat
1 1 -139.99848937988281 -1273.4908447265625 30.690326690673828 0 0 1 0 0.99999994039535522 0 -1 0 0 3023.dat
1 1 -139.99848937988281 -1265.4908447265625 20.690345764160156 1 0 0 0 1 0 0 0 1 3005.dat
1 72 -19.997978210449219 -1277.49169921875 20.690641403198242 0 0 -1 1.2331326615822036E-005 0.99999994039535522 0 1 -1.2331326615822036E-005 0 87087.dat
1 14 -29.997978210449219 -1293.4918212890625 20.690727233886719 -1 0 0 0 1 -1.2331327525316738E-005 0 -1.2331327525316738E-005 -1 85984.dat
1 72 -29.997959136962891 -1293.49169921875 20.690635681152344 1 0 0 0 1 0 0 0 1 99780.dat
1 72 -29.997959136962891 -1285.492431640625 -17.309471130371094 1 0 0 0 1.223484559886856E-005 -1 0 1 1.223484559886856E-005 3003.dat
1 72 -29.997959136962891 -1285.49169921875 20.690444946289063 1 0 0 0 1 0 0 0 1 99781.dat
1 72 -29.997978210449219 -1275.492431640625 -17.309572219848633 -1 0 0 0 1.2441277249308769E-005 1.0000001192092896 0 1.0000001192092896 -1.2172484275652096E-005 85984.dat
1 15 -29.997920989990234 -1464.627685546875 -71.746292114257813 1 0 0 0 0.9149743914604187 0.40351191163063049 0 -0.40351191163063049 0.9149743914604187 4070.dat
1 35 -29.998016357421875 -1457.8990478515625 -81.271316528320313 -1 0 0 0 0.40351197123527527 0.9149743914604187 0 0.9149743914604187 -0.40351191163063049 50746.dat
1 72 -29.997957229614258 -1442.6683349609375 -81.430679321289063 -1 0 0 0 0.91497468948364258 -0.40351206064224243 0 -0.40351206064224243 -0.91497433185577393 87580.dat
1 15 -29.997842788696289 -1435.8829345703125 -110.65316009521484 0 0 -1 -0.9149743914604187 0.40351203083992004 0 0.40351200103759766 0.9149743914604187 0 93273.dat
1 72 -29.99786376953125 -1439.383544921875 -93.807968139648438 1 0 0 0 0.9149743914604187 0.40351191163063049 0 -0.40351191163063049 0.9149743914604187 2436b.dat
1 15 -29.99786376953125 -1429.9615478515625 -122.00792694091797 1 0 0 0 0.40351197123527527 -0.9149743914604187 0 0.9149743914604187 0.40351197123527527 3022.dat
1 72 -29.998054504394531 -1423.2431640625 -57.209541320800781 0 0 1 -0.40351188182830811 0.91497445106506348 0 -0.9149743914604187 -0.40351188182830811 0 3021.dat
1 72 -29.997671127319336 -1433.8472900390625 -41.603897094726563 -1 0 0 0 0.91497445106506348 -0.40351188182830811 0 -0.40351188182830811 -0.9149743914604187 87580.dat
1 72 -29.997766494750977 -1426.52783203125 -44.831687927246094 -1 0 0 0 0.91497445106506348 -0.40351188182830811 0 -0.40351188182830811 -0.9149743914604187 3176.dat
1 15 -29.997842788696289 -1417.58349609375 -118.72315216064453 0 0 -1 -0.9149743914604187 0.40351203083992004 0 0.40351200103759766 0.9149743914604187 0 93273.dat
1 72 -29.99786376953125 -1410.1044921875 -106.72077941894531 1 0 0 0 0.91497433185577393 0.40351203083992004 0 -0.40351203083992004 0.91497433185577393 99780.dat
1 72 -19.9981689453125 -1411.8883056640625 -51.287883758544922 0 0 -1 0.40351185202598572 0.91497445106506348 0 0.9149743914604187 -0.40351185202598572 0 3700.dat
1 72 -39.99786376953125 -1411.8883056640625 -51.287876129150391 0 0 -1.0000001192092896 0.40351191163063049 0.91497457027435303 0 0.91497445106506348 -0.40351191163063049 0 3700.dat
1 72 -29.99786376953125 -1402.78466796875 -109.94887542724609 1 0 0 0 0.91497433185577393 0.40351203083992004 0 -0.40351203083992004 0.91497433185577393 99781.dat
1 72 -29.99786376953125 -1402.51220703125 -134.11341857910156 1 0 0 0 0.40351176261901855 -0.91497445106506348 0 0.91497445106506348 0.40351176261901855 2412b.dat
1 15 -47.997768402099609 -1454.7274169921875 -54.254295349121094 0 1.0000001192092896 0 0.40351167321205139 0 0.9149746298789978 0.9149746298789978 0 -0.40351155400276184 3024.dat
1 72 -29.997730255126953 -1459.842041015625 -41.069339752197266 0 0 1.0000001192092896 -0.40351197123527527 0.91497457027435303 0 -0.91497445106506348 -0.40351197123527527 0 52107.dat
1 15 -11.997787475585937 -1454.7274169921875 -54.254234313964844 0 -1 0 -0.40351220965385437 0 0.91497427225112915 -0.91497427225112915 0 -0.40351217985153198 3024.dat
1 15 -11.997795104980469 -1442.6220703125 -26.805015563964844 0 -1 0 0.91497433185577393 0 0.40351209044456482 -0.40351209044456482 0 0.91497433185577393 93273.dat
1 15 -3.9977953433990479 -1442.6220703125 -26.804819107055664 0 -1 0 -0.40351217985153198 0 0.91497433185577393 -0.91497433185577393 0 -0.40351212024688721 3023.dat
1 15 -47.997711181640625 -1442.6219482421875 -26.805088043212891 0 1.0000001192092896 0 0.91497498750686646 0 -0.40351089835166931 -0.40351089835166931 0 -0.9149748682975769 93273.dat
1 15 -55.997711181640625 -1442.621826171875 -26.805013656616211 0 1 0 -0.40351179242134094 0 -0.91497445106506348 -0.91497445106506348 0 0.40351182222366333 3023.dat
1 4 -29.997730255126953 -1459.0916748046875 -19.541728973388672 1 0 0 0 0.91497457027435303 0.40351149439811707 0 -0.40351149439811707 0.91497457027435303 92946.dat
1 4 -29.997730255126953 -1462.3759765625 -7.163846492767334 0 0 1.0000001192092896 -0.40351191163063049 0.91497457027435303 0 -0.91497445106506348 -0.40351191163063049 0 3024.dat
1 4 -29.997634887695313 -1457.590576171875 23.513574600219727 -1 0 0 0 0.91497445106506348 -0.40351182222366333 0 -0.40351182222366333 -0.91497445106506348 61678.dat
1 4 -29.997634887695313 -1446.986083984375 7.9075455665588379 0 0 1.0000001192092896 -0.40351197123527527 0.91497457027435303 0 -0.91497445106506348 -0.40351197123527527 0 3024.dat
1 72 -29.997634887695313 -1447.9180908203125 -14.031956672668457 0 0 1 -0.40351185202598572 0.91497457027435303 0 -0.91497445106506348 -0.40351185202598572 0 47905.dat
1 72 -29.997634887695313 -1439.66650390625 4.679408073425293 0 0 1.0000001192092896 -0.40351206064224243 0.91497457027435303 0 -0.91497445106506348 -0.40351206064224243 0 3024.dat
1 72 -29.997634887695313 -1432.3468017578125 1.4513152837753296 -1 0 0 0 0.91497445106506348 -0.40351191163063049 0 -0.40351191163063049 -0.9149743914604187 6019.dat
1 72 -19.997978210449219 -1428.0286865234375 -87.886749267578125 0 0 1.0000001192092896 -0.40351203083992004 0.91497457027435303 0 -0.91497445106506348 -0.40351203083992004 0 32000.dat
1 72 -39.99786376953125 -1428.0286865234375 -87.886749267578125 0 0 1.0000001192092896 -0.40351200103759766 0.91497457027435303 0 -0.91497445106506348 -0.40351200103759766 0 32000.dat
1 72 -29.998052597045898 -1397.9991455078125 -79.271644592285156 -1 0 0 0 0.91497468948364258 -0.40351206064224243 0 -0.40351206064224243 -0.91497433185577393 3176.dat
1 15 -19.997978210449219 -1430.516845703125 0.64420700073242188 0 -1 0 0.91497427225112915 0 0.40351217985153198 -0.40351217985153198 0 0.91497433185577393 4085d.dat
1 14 4.002021312713623 -1422.44677734375 18.943691253662109 0 -1 0 0.51985925436019897 0 0.8542519211769104 -0.8542519211769104 0 0.51985925436019897 30088.dat
1 15 -39.997673034667969 -1430.516845703125 0.6443023681640625 0 1 0 -0.91497451066970825 0 0.40351158380508423 0.40351158380508423 0 0.91497457027435303 4085d.dat
1 14 -63.997673034667969 -1422.44677734375 18.943881988525391 0 1.0000001192092896 0 -0.51802444458007813 0 0.85536593198776245 0.85536593198776245 0 0.51802456378936768 30088.dat
1 14 -69.962051391601562 -1433.424560546875 36.150489807128906 0.2897222638130188 0.93170809745788574 -0.21904592216014862 -0.56061071157455444 0.3506891131401062 0.75015527009963989 0.77574270963668823 -0.094537116587162018 0.6239280104637146 10050.dat
1 14 -62.688285827636719 -1430.155517578125 35.340618133544922 -0.049975838512182236 -0.35975357890129089 0.93170797824859619 -0.13402819633483887 0.92685145139694214 0.35068920254707336 -0.98971652984619141 -0.10734913498163223 -0.094537295401096344 6538B.dat
1 14 2.37074875831604 -1429.6151123046875 34.789970397949219 0.028314311057329178 0.3241991400718689 0.94556504487991333 -0.12607954442501068 0.93954801559448242 -0.31836074590682983 -0.99161601066589355 -0.11020224541425705 0.067477531731128693 6538B.dat
1 14 9.7731342315673828 -1432.6317138671875 35.384979248046875 0.24926450848579407 -0.94556504487991333 0.20922227203845978 0.57520914077758789 0.31836074590682983 0.75351238250732422 -0.77910315990447998 -0.067477315664291382 0.62325370311737061 10050.dat
1 72 -9.9978256225585938 -1423.82958984375 -100.66837310791016 1 0 0 0 -0.91496747732162476 -0.40352752804756165 0 0.40352752804756165 -0.91496747732162476 4274.dat
1 72 14.002140045166016 -1423.3719482421875 -100.87014770507812 0 -1 0 -0.91496765613555908 0 -0.40352725982666016 0.40352725982666016 0 -0.91496765613555908 3023.dat
1 72 6.0021476745605469 -1423.372314453125 -100.87017822265625 0 -1.0000001192092896 0 -0.91496759653091431 0 -0.40352758765220642 0.40352758765220642 0 -0.91496753692626953 3023.dat
1 72 22.002132415771484 -1419.3369140625 -91.720481872558594 0 -1 0 -0.91496759653091431 0 -0.40352746844291687 0.40352746844291687 0 -0.91496759653091431 87580.dat
1 15 14.002140045166016 -1403.19580078125 -55.121917724609375 0 -1.0000001192092896 0 0.40352776646614075 0 -0.91496753692626953 0.91496753692626953 0 0.40352791547775269 11833.dat
1 15 38.002220153808594 -1371.71142578125 -58.077995300292969 0 -1.0000001192092896 0 0.91496759653091431 0 0.40352755784988403 -0.40352755784988403 0 0.91496771574020386 50950.dat
1 72 -49.997634887695313 -1422.91552734375 -101.07073974609375 -1 0 0 0 0.91497445106506348 -0.40351188182830811 0 -0.40351188182830811 -0.9149743914604187 4274.dat
1 72 -65.997604370117187 -1423.373046875 -100.86962890625 0 1 0 -0.91497451066970825 0 0.40351179242134094 0.40351179242134094 0 0.91497457027435303 3023.dat
1 72 -73.997787475585937 -1423.3734130859375 -100.86962127685547 0 1 0 0.91497433185577393 0 -0.40351212024688721 -0.40351212024688721 0 -0.91497427225112915 3023.dat
1 72 -81.997589111328125 -1419.338134765625 -91.71990966796875 0 1 0 0.91497445106506348 0 -0.40351188182830811 -0.40351188182830811 0 -0.9149743914604187 87580.dat
1 15 -73.997596740722656 -1403.19775390625 -55.120395660400391 0 1 0 0.91497445106506348 0 -0.40351188182830811 -0.40351188182830811 0 -0.9149743914604187 11833.dat
1 15 -97.997581481933594 -1371.7135009765625 -58.076023101806641 0 1 0 -0.91497433185577393 0 0.40351206064224243 0.40351206064224243 0 0.91497433185577393 50950.dat
1 15 22.002220153808594 -1415.301513671875 -82.571022033691406 0 -1 0 0.91496753692626953 0 0.40352752804756165 -0.40352752804756165 0 0.91496747732162476 93273.dat
1 15 30.002218246459961 -1415.3016357421875 -82.571075439453125 0 -1.0000001192092896 0 -0.40352761745452881 0 0.91496753692626953 -0.91496753692626953 0 -0.40352749824523926 3023.dat
1 35 22.031982421875 -1403.19775390625 -55.121536254882812 0 -0.99999994039535522 0 0.99294024705886841 0 0.11861521005630493 -0.11861521005630493 0 0.99294024705886841 4740.dat
1 72 6.0020523071289062 -1413.123046875 -53.900409698486328 0 -1 0 0.12206000089645386 0 -0.99252277612686157 0.99252277612686157 0 0.12206003069877625 4275b.dat
1 72 -1.997844934463501 -1403.1978759765625 -55.120994567871094 0 -1 0 0.99252283573150635 0 0.12205961346626282 -0.12205961346626282 0 0.99252283573150635 4032a.dat
1 72 6.0319023132324219 -1393.2725830078125 -56.341899871826172 0 -1 0 0.12205969542264938 0 -0.99252277612686157 0.99252277612686157 0 0.12205970287322998 3023.dat
1 72 -29.997825622558594 -1403.067626953125 -11.461065292358398 0 0 1.0000001192092896 -0.40351197123527527 0.91497457027435303 0 -0.91497445106506348 -0.40351197123527527 0 3023.dat
1 72 -9.7692632675170898 -1406.0576171875 3.5491199493408203 0.50728952884674072 -0.86177599430084229 0 -0.10519754886627197 -0.061924811452627182 0.99252158403396606 -0.85533112287521362 -0.50349557399749756 -0.12207040190696716 4276b.dat
1 15 -7.9479718208312988 -1394.585205078125 14.909794807434082 0 -0.86177587509155273 -0.50728923082351685 0.99252152442932129 -0.061924915760755539 0.10519692301750183 -0.12207003682851791 -0.50349545478820801 0.85533112287521362 43723.dat
1 72 -9.9978256225585938 -1402.731689453125 -54.940402984619141 1 0 0 0 0.93231040239334106 -0.36165910959243774 0 0.36165910959243774 0.93231040239334106 4274.dat
1 72 -49.997634887695313 -1402.7313232421875 -54.939449310302734 -1 0 0 0 0.93231028318405151 0.36165910959243774 0 0.36165910959243774 -0.93231040239334106 4274.dat
1 72 -65.997657775878906 -1413.12353515625 -53.908695220947266 0 1 0 0.12119601666927338 0 0.99262863397598267 0.99262863397598267 0 -0.1211959645152092 4275b.dat
1 72 -57.997566223144531 -1403.1971435546875 -55.120723724365234 0 1 0 0.12119642645120621 0 0.99262857437133789 0.99262857437133789 0 -0.12119637429714203 4032a.dat
1 35 -82.027397155761719 -1403.1971435546875 -55.120754241943359 0 1 0 -0.99262857437133789 0 0.12119634449481964 0.12119634449481964 0 0.99262857437133789 4740.dat
1 15 -81.997444152832031 -1415.3023681640625 -82.569686889648438 0 1.0000001192092896 0 0.91497451066970825 0 -0.40351188182830811 -0.40351188182830811 0 -0.9149743914604187 93273.dat
1 15 -89.997444152832031 -1415.3026123046875 -82.569877624511719 0 1.0000001192092896 0 0.40351179242134094 0 0.91497457027435303 0.91497457027435303 0 -0.40351170301437378 3023.dat
1 72 -66.027412414550781 -1393.27099609375 -56.332649230957031 0 1 0 -0.12119635939598083 0 -0.99262863397598267 -0.99262863397598267 0 0.12119641155004501 3023.dat
1 72 -50.173854827880859 -1406.111083984375 3.5250194072723389 -0.50890159606933594 0.86082470417022705 0 -0.10433925688266754 -0.061683498322963715 -0.99262708425521851 -0.85447788238525391 -0.5051494836807251 0.12120866030454636 4276b.dat
1 15 -51.97088623046875 -1394.6483154296875 14.89891242980957 0 0.8608248233795166 0.50890159606933594 -0.99262708425521851 -0.061683498322963715 0.10434000939130783 0.12120932340621948 -0.5051494836807251 0.85447800159454346 43722.dat
1 0 -29.997867584228516 -1391.7130126953125 -5.538794994354248 -0.70710712671279907 0 0.70710647106170654 -0.28532442450523376 0.91497540473937988 -0.28532519936561584 -0.64698493480682373 -0.40351024270057678 -0.64698535203933716 87580.dat
1 72 -29.997634887695313 -1390.0994873046875 -21.706775665283203 0.70710700750350952 0 -0.70710659027099609 0.28532508015632629 0.91497480869293213 0.28532573580741882 0.6469847559928894 -0.40351104736328125 0.64698499441146851 4073.dat
