0 FILE Gundam Terra Nova temp.io
0 Untitled Model
0 Name:  Gundam Terra Nova temp
0 Author:  
0 CustomBrick
0 STEP
1 72 -25.439920 118.304000 197.331300 0.000001 0.999995 -0.000003 0.500004 -0.000001 -0.866021 -0.866018 0.000000 -0.500002 44224.dat
1 0 -25.749800 118.304000 197.331700 0.999994 0.000003 -0.000002 -0.000001 0.866015 -0.500013 0.000001 0.500011 0.866012 3705.dat
1 15 18.249960 118.304000 197.331700 -0.000002 -0.999994 -0.000003 -0.500003 0.000001 -0.866021 0.866018 -0.000001 -0.500001 3960.dat
1 15 -69.749530 118.304100 197.331600 0.000002 0.999994 -0.000003 0.500006 -0.000001 -0.866020 -0.866016 0.000001 -0.500004 3960.dat
1 72 -25.470020 29.021650 191.972800 -0.000003 0.999995 0.000003 -0.500002 -0.000001 0.866022 0.866019 0.000002 0.499999 44224.dat
1 71 -25.000120 29.021730 191.973100 0.999994 0.000003 -0.000002 -0.000001 0.866021 -0.500004 0.000001 0.500003 0.866017 4519.dat
1 72 -40.769680 118.302600 197.334600 -0.000003 0.999994 -0.000002 -0.866022 -0.000001 -0.500002 -0.500000 0.000001 0.866018 32056.dat
1 72 -40.780000 29.021790 191.973100 0.000003 0.999994 0.000002 0.866022 -0.000001 0.500002 0.500000 0.000001 -0.866019 32056.dat
1 72 -10.429900 118.304000 197.331700 -0.000003 0.999994 -0.000002 -0.866022 -0.000001 -0.500002 -0.500000 0.000001 0.866019 32056.dat
1 72 -10.440300 29.022340 191.972100 0.000003 0.999994 0.000002 0.866020 -0.000001 0.500002 0.499999 0.000001 -0.866024 32056.dat
1 72 2.849720 29.021700 191.973100 0.000003 -0.999994 -0.000002 0.866021 0.000001 -0.500004 0.500003 -0.000001 0.866017 4032a.dat
1 72 10.849680 29.021710 191.973100 0.000003 -0.999994 -0.000002 0.866021 0.000001 -0.500004 0.500002 -0.000001 0.866017 18674.dat
1 72 18.849630 29.021680 191.973100 0.000003 -0.999994 -0.000002 0.866021 0.000001 -0.500004 0.500002 -0.000001 0.866017 4740.dat
1 72 -53.869940 29.021780 191.973100 0.000002 0.999994 -0.000003 0.500004 -0.000001 -0.866021 -0.866018 0.000001 -0.500003 4032a.dat
1 72 -61.869880 29.021720 191.973100 0.000002 0.999994 -0.000003 0.500004 -0.000001 -0.866020 -0.866016 0.000001 -0.500001 18674.dat
1 72 -69.869830 29.021800 191.973200 0.000002 0.999994 -0.000003 0.500004 -0.000001 -0.866020 -0.866016 0.000001 -0.500001 4740.dat
1 4 -25.219910 83.663170 177.331600 0.999994 0.000003 -0.000002 -0.000001 0.866022 -0.500002 0.000001 0.500000 0.866018 32062.dat
1 4 -25.889900 98.303970 231.972400 0.999994 0.000003 -0.000002 -0.000001 0.866021 -0.500003 0.000001 0.500001 0.866018 32062.dat
1 15 2.820020 118.304000 197.331600 0.000002 -0.999994 0.000004 0.500011 0.000001 0.866014 -0.866013 -0.000001 0.500010 60474.dat
1 15 -53.749630 118.304100 197.331700 0.000001 0.999995 0.000002 0.866020 0.000000 0.500015 0.500013 0.000002 -0.866010 60474.dat
1 4 -25.090100 63.663220 211.972100 0.999994 0.000003 -0.000002 -0.000001 0.866021 -0.500003 0.000001 0.500001 0.866018 32062.dat
1 71 -25.440110 49.022420 157.331100 0.999994 0.000003 -0.000002 -0.000001 0.866022 -0.500002 0.000001 0.500000 0.866019 4519.dat
1 72 -0.440280 49.022380 157.331000 -0.000002 -0.999994 -0.000003 -0.500002 0.000001 -0.866022 0.866019 -0.000001 -0.500000 41677.dat
1 72 -50.449930 49.022440 157.331100 -0.000002 -0.999994 -0.000003 -0.500002 0.000001 -0.866022 0.866019 -0.000001 -0.500000 41677.dat
0 STEP
1 72 -17.039620 476.721700 191.560000 0.104135 -0.009111 -0.994523 -0.990802 -0.087632 -0.102952 -0.086214 0.996096 -0.018153 30383.dat
1 72 -36.930260 474.662400 191.197400 0.104135 -0.009111 -0.994524 -0.990802 -0.087632 -0.102952 -0.086214 0.996097 -0.018153 30383.dat
1 72 -27.422050 471.485900 239.191100 0.104133 -0.009112 -0.994512 -0.990801 -0.087631 -0.102951 -0.086214 0.996088 -0.018153 62712.dat
1 72 -27.203560 473.589100 215.284800 0.994523 -0.009111 0.104135 0.102952 -0.087632 -0.990802 0.018153 0.996096 -0.086214 3003.dat
1 72 -27.130660 474.290100 207.316100 0.994523 -0.009111 0.104135 0.102952 -0.087632 -0.990802 0.018153 0.996096 -0.086214 3022.dat
1 72 -27.057760 474.991100 199.347200 0.994523 -0.009111 0.104135 0.102952 -0.087632 -0.990802 0.018153 0.996096 -0.086214 3022.dat
0 STEP
1 72 -28.353330 464.510100 318.237800 0.109330 0.009108 0.993953 -0.990247 0.087631 0.108128 -0.086118 -0.996089 0.018601 62712.dat
0 STEP
1 71 -25.379740 118.303600 197.327900 0.000002 -0.999998 0.000008 0.258815 -0.000003 0.965899 -0.965912 -0.000001 0.258817 44225.dat
1 72 -24.943680 388.713900 269.937300 0.999567 0.020857 0.020708 -0.025495 0.265457 0.963763 0.014605 -0.963878 0.265877 74261.dat
1 0 -29.890840 419.324800 326.379600 0.047977 -0.034551 -0.998250 -0.794709 0.604071 -0.059112 0.605059 0.796160 0.001522 93571.dat
1 0 -25.358070 341.838600 290.352500 0.998250 -0.034550 0.047977 0.059111 0.604071 -0.794710 -0.001523 0.796160 0.605059 53585.dat
1 28 -26.757350 366.303400 322.597000 0.034550 0.998250 0.047977 -0.604071 0.059111 -0.794710 -0.796160 -0.001523 0.605059 15462.dat
0 STEP
1 72 -23.511120 429.411200 263.492300 -0.033552 -0.009113 -0.999385 -0.995549 -0.087643 0.034216 -0.087904 0.996088 -0.006133 57909.dat
1 72 -23.438300 430.112300 255.523500 0.033552 -0.009113 0.999385 0.995549 -0.087643 -0.034216 0.087904 0.996088 0.006133 15535.dat
1 0 -24.080540 423.934300 325.769800 0.033549 0.009111 -0.999403 0.995552 0.087615 0.034211 0.087875 -0.996105 -0.006133 53585.dat
1 0 -23.347680 430.977800 245.702900 0.033549 0.009111 -0.999400 0.995557 0.087615 0.034211 0.087877 -0.996096 -0.006132 53585.dat
1 72 -23.729790 427.307800 287.398400 -0.033552 -0.009113 -0.999385 -0.995549 -0.087643 0.034216 -0.087904 0.996088 -0.006133 4032a.dat
1 72 -23.040340 433.938800 212.035400 -0.999401 -0.009112 0.033549 0.034210 -0.087615 0.995558 -0.006133 0.996102 0.087877 92947.dat
1 72 -23.438110 430.113000 255.544900 -0.009113 0.033552 -0.999396 -0.087644 0.995550 0.034214 0.996096 0.087904 -0.006134 55013.dat
1 0 -23.903240 425.639900 306.385600 0.033549 0.009111 -0.999396 0.995552 0.087615 0.034210 0.087875 -0.996098 -0.006133 53585.dat
1 0 -22.794620 436.301700 185.210500 0.033549 0.009111 -0.999396 0.995552 0.087615 0.034210 0.087875 -0.996098 -0.006133 53585.dat
1 71 -22.967380 434.639700 204.066500 0.999396 -0.009112 -0.033549 -0.034210 -0.087616 -0.995552 0.006134 0.996098 -0.087876 4032a.dat
1 71 -22.894490 435.340600 196.097800 0.999396 -0.009112 -0.033549 -0.034210 -0.087616 -0.995552 0.006134 0.996098 -0.087876 15535.dat
0 STEP
1 72 -15.462010 467.987000 154.664600 -0.009112 -0.104136 -0.994520 -0.087632 0.990810 -0.102949 0.996096 0.086216 -0.018155 44302.dat
1 72 -17.961280 491.766500 156.733800 -0.009113 -0.104136 -0.994525 -0.087632 0.990810 -0.102949 0.996100 0.086216 -0.018155 99780.dat
1 72 -35.353300 465.927700 154.301700 -0.009113 -0.104136 -0.994526 -0.087633 0.990810 -0.102949 0.996101 0.086216 -0.018155 44302.dat
1 72 -37.851980 489.706500 156.370600 0.009113 -0.104136 0.994525 0.087632 0.990810 0.102949 -0.996100 0.086216 0.018155 99780.dat
1 72 -26.982280 483.686800 145.901600 0.994520 -0.104136 -0.009112 0.102949 0.990810 -0.087632 0.018155 0.086216 0.996096 2540.dat
1 72 -26.240310 474.884000 155.172800 0.994520 -0.104136 -0.009112 0.102949 0.990810 -0.087632 0.018155 0.086216 0.996096 3022.dat
1 72 -27.165200 481.933900 165.823900 0.994520 -0.104136 -0.009112 0.102949 0.990810 -0.087632 0.018155 0.086216 0.996096 3023.dat
1 72 -24.665540 458.153700 163.754200 0.994520 -0.104136 -0.009112 0.102949 0.990810 -0.087632 0.018155 0.086216 0.996096 3023.dat
0 STEP
1 71 -25.000010 29.999980 192.000000 -0.000001 -1.000000 -0.000001 0.000001 0.000001 -1.000000 1.000000 -0.000001 0.000001 44225.dat
1 1 -25.000090 -50.000030 192.000100 -1.000000 0.000000 0.000000 0.000000 0.996333 0.085558 0.000000 0.085558 -0.996333 6558.dat
1 0 -24.999580 -218.999600 192.000100 -0.000287 0.000001 1.000004 0.000001 -0.999998 0.000004 0.999995 0.000001 0.000287 79505.dat
1 1 -25.000040 -10.000030 192.000100 -1.000000 0.000000 0.000000 0.000000 0.996333 0.085558 0.000000 0.085558 -0.996333 6558.dat
1 0 -25.005200 -218.994800 211.999100 -0.984808 -0.000287 -0.173654 -0.173653 0.000001 0.984810 -0.000283 0.999999 -0.000051 47455.dat
1 0 -24.993860 -218.999800 172.000000 -0.984808 0.000287 0.173649 -0.173649 -0.000001 -0.984810 -0.000283 -0.999999 0.000051 47455.dat
1 72 -25.000100 -189.999900 192.000200 -1.000000 0.000000 0.000000 0.000000 1.000000 -0.000001 0.000000 -0.000001 -1.000000 80563.dat
1 71 -78.228280 -228.099700 192.249600 -0.000283 -0.984812 0.173649 -0.000020 -0.173647 -0.984812 1.000000 -0.000283 0.000025 44225.dat
1 72 -78.228160 -228.099700 192.249200 -0.087069 0.984808 -0.150243 0.492381 0.173648 0.852882 0.866014 0.000283 -0.500020 80563.dat
1 71 -25.000090 -169.999900 192.000100 1.000000 0.000000 0.000000 0.000000 0.000000 1.000000 0.000000 -1.000000 0.000000 6536.dat
1 71 -25.000090 -170.000000 192.000100 1.000000 0.000004 0.000000 -0.000004 1.000000 0.000000 0.000000 0.000000 1.000000 4519.dat
1 71 -52.627300 -223.560900 191.989800 0.173624 -0.002941 -0.984808 -0.984693 0.015050 -0.173649 0.015332 0.999883 -0.000283 4185.dat
1 71 -60.505790 -224.950000 191.987500 0.173624 -0.002941 -0.984808 -0.984693 0.015050 -0.173649 0.015332 0.999883 -0.000283 4185.dat
0 STEP
0 STEP
1 71 -25.000460 -89.999950 192.000000 0.000000 0.999999 0.000000 0.461749 0.000000 -0.887011 -0.887011 0.000000 -0.461749 32316.dat
1 71 -25.000090 -132.259800 201.235000 0.000000 -1.000000 0.000000 0.461749 0.000000 0.887011 -0.887011 0.000000 0.461749 32523.dat
1 16 -20.000000 -48.000000 220.000000 1.000000 0.000000 0.000000 0.000000 1.000000 0.000000 0.000000 0.000000 1.000000 submodel group 1
1 16 -20.000000 -60.000000 170.000000 1.000000 0.000000 0.000000 0.000000 1.000000 0.000000 0.000000 0.000000 1.000000 submodel group 2
1 16 -20.000000 0.000000 190.000000 1.000000 0.000000 0.000000 0.000000 1.000000 0.000000 0.000000 0.000000 1.000000 submodel group 3
0 STEP
0 NOFILE
0 FILE SubModel Group 1
0 SubModel Group 1
0 Name:  SubModel Group 1
0 Author:  
0 CustomBrick
1 19 -5.000500 -6.519520 -9.530060 1.000000 -0.000001 0.000000 0.000001 1.000000 0.000002 0.000000 -0.000002 1.000000 32556.dat
1 71 14.999500 -16.519520 0.469920 0.000000 0.000000 -1.000000 1.000000 0.000000 0.000000 0.000000 -1.000000 0.000000 18677.dat
1 71 -25.000490 -16.519530 0.469960 0.000000 0.000000 -1.000000 1.000000 0.000000 0.000000 0.000000 -1.000000 0.000000 18677.dat
1 19 -5.000080 -66.519610 -9.530040 1.000000 -0.000001 0.000000 0.000001 1.000000 0.000002 0.000000 -0.000002 1.000000 32556.dat
1 71 -25.000090 -36.519620 -7.530030 0.000000 0.000000 1.000000 -1.000000 0.000000 0.000000 0.000000 -1.000000 0.000000 2436b.dat
1 71 14.999940 -36.519620 -7.529980 0.000000 0.000000 -1.000000 1.000000 0.000000 0.000000 0.000000 -1.000000 0.000000 2436b.dat
1 71 -25.000080 -56.519620 0.469960 0.000000 0.000000 1.000000 -1.000000 0.000000 0.000000 0.000000 -1.000000 0.000000 18677.dat
1 71 14.999950 -56.519620 0.470020 0.000000 0.000000 1.000000 -1.000000 0.000000 0.000000 0.000000 -1.000000 0.000000 18677.dat
0 NOFILE
0 FILE SubModel Group 2
0 SubModel Group 2
0 Name:  SubModel Group 2
0 Author:  
0 CustomBrick
1 19 -5.000490 -65.480360 3.530000 1.000000 -0.000001 0.000000 -0.000001 -1.000000 -0.000002 0.000000 0.000002 -1.000000 32556.dat
1 71 14.999360 -55.480270 -6.469380 0.000000 0.000000 -1.000000 -1.000000 0.000000 0.000000 0.000000 1.000000 0.000000 18677.dat
1 71 -25.000640 -55.480270 -6.469360 0.000000 0.000000 -1.000000 -1.000000 0.000000 0.000000 0.000000 1.000000 0.000000 18677.dat
1 71 14.999360 -35.480290 1.530610 0.000000 0.000000 -1.000000 -1.000000 0.000000 0.000000 0.000000 1.000000 0.000000 2436b.dat
1 19 -4.999600 -5.480410 3.529130 -1.000000 0.000000 0.000000 0.000001 1.000000 0.000002 0.000000 0.000002 -1.000000 32556.dat
1 71 -25.000400 -15.480390 -6.469770 0.000000 0.000000 1.000000 1.000000 0.000000 -0.000001 0.000000 1.000000 0.000000 18677.dat
1 71 14.999370 -15.480280 -6.469390 0.000000 0.000000 1.000000 1.000000 0.000000 -0.000001 0.000000 1.000000 0.000000 18677.dat
1 71 -25.000630 -35.480270 1.530640 0.000000 0.000000 1.000000 1.000000 0.000000 0.000000 0.000000 1.000000 0.000000 2436b.dat
0 NOFILE
0 FILE SubModel Group 3
0 SubModel Group 3
0 Name:  SubModel Group 3
0 Author:  
0 CustomBrick
1 71 14.999960 -90.000030 2.000030 0.000000 -1.000000 0.000000 0.000000 0.000000 -1.000000 1.000000 0.000000 0.000000 40490.dat
1 71 -25.000090 -90.000030 2.000000 0.000000 -1.000000 0.000000 0.000000 0.000000 -1.000000 1.000000 0.000000 0.000000 40490.dat
1 19 -5.000040 -90.000030 2.000030 1.000000 0.000000 0.000000 0.000000 1.000000 0.000000 0.000000 0.000000 1.000000 32556.dat
1 19 -5.000090 -150.000000 1.999980 1.000000 0.000000 0.000000 0.000000 1.000000 0.000000 0.000000 0.000000 1.000000 32556.dat
0 NOFILE
